36
744 416 -664
664 312 -512
520 208 -392
352 104 -448
240 64 -400
216 24 -280
120 -16 -200
16 -136 -280
-80 -200 -312
-120 -240 -256
-120 -264 -248
-176 -328 -248
-232 -416 -240
-272 -464 -216
-328 -480 -240
-376 -560 -296
-416 -608 -392
-424 -648 -352
-464 -744 64
-488 -736 -248
-552 -752 -408
-480 -736 -528
-472 -640 -472
-424 -624 -456
-344 -616 -480
-360 -656 -472
-504 -616 -520
-544 -656 -560
-536 -616 -432
-512 -616 -472
-536 -632 -616
-616 -656 -600
-592 -624 -536
-616 -632 -392
-536 -648 -384
-608 -616 -504
