120
904 240 -192
928 248 -136
936 248 -168
936 240 -120
944 240 -160
928 232 -128
936 224 -104
960 216 -128
960 232 -160
960 224 -160
960 232 -160
920 224 -176
896 240 -136
896 248 -160
896 264 -184
880 272 -136
912 312 -144
920 368 -208
928 392 -272
936 400 -384
960 384 -432
1000 408 -384
1024 432 -496
1024 472 -824
1072 536 -936
1192 528 -880
1288 560 -840
1384 600 -984
1440 584 -1184
1560 520 -1088
1712 352 -896
1784 280 -904
1872 256 -968
1880 184 -1064
1872 96 -1064
1824 48 -960
1744 56 -864
1632 96 -976
1608 144 -1032
1568 144 -896
1488 184 -656
1384 176 -536
1280 176 -408
1176 184 -344
1080 160 -328
1008 96 -256
920 96 72
816 160 368
648 216 448
464 136 272
312 120 376
72 48 560
-216 -128 928
-592 -456 1232
-1024 -616 1032
-984 -496 512
-688 -512 392
-696 -480 592
-824 -424 616
-856 -416 464
-840 -528 120
-848 -560 -40
-912 -488 -40
-904 -392 -24
-872 -344 -64
-808 -448 -192
-760 -488 -256
-792 -456 -176
-832 -432 -176
-832 -480 -296
-832 -544 -328
-816 -576 -296
-856 -536 -248
-848 -512 -288
-832 -536 -400
-792 -520 -448
-784 -504 -352
-800 -488 -304
-808 -472 -200
-840 -464 -192
-696 -336 -152
-736 -328 -24
-776 -464 -192
-728 -496 -256
-808 -472 -184
-848 -552 -232
-848 -544 -208
-840 -496 -256
-800 -504 -264
-808 -472 -192
-960 -656 -216
-824 -552 -232
-776 -544 -224
-760 -520 -224
-736 -536 -208
-808 -552 -136
-784 -560 -184
-752 -536 -216
-768 -456 -184
-752 -504 -248
-824 -520 -176
-880 -488 -168
-856 -528 -208
-832 -512 -224
-848 -520 -280
-840 -528 -312
-848 -536 -240
-792 -496 -232
-824 -448 -96
-832 -472 -136
-880 -488 -216
-864 -488 -184
-808 -456 -240
-816 -496 -208
-888 -520 -224
-864 -480 -216
-856 -496 -176
-848 -456 -240
-792 -456 -248
-816 -440 -200
