96
920 208 -232
968 248 -160
960 184 -120
976 232 -272
960 256 -176
896 248 -232
824 176 -272
920 88 -288
1016 88 -208
1096 48 -152
1024 -16 -160
912 88 -160
896 104 -216
960 112 -240
1064 104 -184
1064 184 -248
904 80 -368
624 -56 -472
1072 384 -376
984 344 -240
920 224 -216
984 216 -232
984 208 -232
952 176 -264
944 160 -232
936 160 -224
936 168 -192
912 200 -184
912 224 -224
896 216 -280
880 216 -288
880 248 -304
880 272 -344
856 296 -440
888 312 -496
880 360 -544
944 432 -608
1000 536 -776
1024 592 -984
1048 576 -1168
1112 624 -1160
1232 736 -1144
1280 776 -1224
1312 744 -1288
1352 752 -1248
1384 776 -1176
1424 800 -1088
1416 800 -1200
1416 784 -1072
1424 800 -880
1400 784 -832
1336 744 -912
1288 720 -904
1272 664 -720
1200 624 -528
1040 576 -520
912 528 -584
840 432 -600
752 352 -408
648 296 -216
472 232 -264
368 144 -360
320 56 -256
208 -40 -152
56 -104 -96
-96 -144 -136
-184 -224 -200
-264 -328 -264
-376 -360 -192
-416 -400 -160
-472 -432 -120
-520 -496 -240
-544 -544 -304
-568 -584 -320
-560 -576 -272
-552 -584 -256
-624 -552 -296
-560 -824 -24
-680 -616 -336
-672 -584 -448
-648 -496 -384
-680 -480 -448
-696 -552 -440
-680 -568 -432
-664 -528 -408
-736 -528 -416
-792 -432 -480
-808 -432 -528
-728 -504 -520
-704 -480 -488
-768 -472 -496
-688 -456 -456
-672 -456 -512
-960 -504 -504
-688 -576 -448
-656 -656 -456
