48
1104 712 -600
968 656 -440
808 608 -472
704 552 -456
632 440 -432
488 336 -312
368 248 -200
208 160 -208
96 80 -264
40 -64 -280
-24 -144 -160
-120 -168 -104
-216 -176 -24
-320 -224 -16
-408 -304 -32
-408 -432 -248
-456 -528 -336
-520 -544 -256
-560 -520 -160
-568 -536 -248
-568 -520 -432
-568 -488 -576
-568 -488 -600
-616 -456 -560
-656 -456 -488
-656 -472 -560
-616 -568 -696
-584 -576 -608
-600 -560 -528
-872 -1184 -688
-728 -672 -432
-656 -504 -576
-568 -480 -504
-616 -424 -536
-544 -520 -544
-640 -576 -600
-672 -592 -632
-680 -640 -640
-688 -560 -504
-648 -504 -456
-720 -480 -496
-712 -504 -536
-664 -520 -536
-624 -520 -496
-712 -584 -504
-712 -568 -400
-664 -512 -424
-680 -544 -488
