108
928 184 -392
936 208 -320
984 256 -296
840 168 -440
800 96 -408
864 144 -304
864 136 -288
864 112 -328
880 136 -272
928 136 -264
960 80 -280
960 48 -248
904 72 -264
880 120 -224
816 208 -296
856 168 -352
448 -144 -264
952 -16 -136
1040 72 -424
1000 136 -240
912 128 -264
928 128 -256
904 160 -328
912 144 -352
888 248 -312
848 328 -312
848 328 -424
832 304 -520
840 368 -544
864 464 -488
840 496 -624
840 504 -880
864 560 -784
912 760 -656
952 896 -728
1024 864 -928
1120 752 -1160
1200 688 -1096
1240 720 -1080
1288 760 -984
1352 752 -1120
1384 648 -1312
1440 600 -1232
1520 584 -1072
1560 632 -976
1528 576 -976
1480 512 -920
1456 408 -808
1360 312 -656
1216 232 -704
1040 176 -752
912 112 -728
800 96 -544
640 96 -384
448 80 -440
336 -56 -584
288 -112 -496
64 -136 -152
-40 -96 -136
-16 -248 -328
-72 -304 -352
-200 -392 -336
-280 -368 -328
-312 -376 -248
-336 -456 -336
-360 -432 -280
-440 -432 -280
-448 -528 -352
-432 -496 -336
-416 -600 -344
-424 -568 -240
-528 -576 -288
-520 -536 -272
-520 -488 -216
-544 -520 -216
-624 -552 -224
-648 -592 -328
-616 -688 -224
-552 -600 -232
-720 -664 -288
-632 -656 -256
-576 -616 -352
-584 -648 -504
-584 -672 -480
-560 -672 -416
-568 -744 -280
-512 -728 -320
-592 -752 -368
-656 -704 -432
-616 -672 -432
-648 -776 -424
-528 -672 -392
-584 -640 -376
-544 -592 -352
-496 -640 -296
-544 -600 -264
-608 -592 -376
-640 -632 -464
-656 -624 -360
-664 -632 -464
-688 -664 -392
-648 -728 -496
-696 -720 -432
-720 -704 -344
-688 -704 -328
-648 -696 -400
-704 -664 -392
-616 -624 -392
