84
912 136 -288
1088 352 -208
936 256 -208
864 232 -216
904 216 -184
936 208 -224
856 200 -200
848 184 -240
840 176 -208
832 200 -144
816 264 -128
808 304 -160
792 328 -256
816 288 -552
824 296 -576
872 496 -400
1008 792 -584
1128 864 -1128
1168 784 -1232
1240 896 -1048
1416 1000 -1088
1504 1016 -1464
1536 856 -1520
1664 784 -1368
1840 800 -1192
1944 856 -1080
2000 856 -1032
1992 864 -1008
1944 864 -848
1880 864 -712
1760 848 -624
1664 776 -656
1528 712 -536
1384 616 -488
1200 560 -344
1016 552 -320
888 432 -432
792 272 -264
616 168 -80
424 96 0
208 40 -24
104 -120 -112
32 -216 -32
-80 -256 72
-232 -264 176
-344 -304 120
-416 -392 112
-464 -472 136
-520 -480 160
-560 -536 136
-616 -568 0
-608 -576 -56
-600 -560 -104
-608 -576 -64
-616 -776 200
-648 -728 -144
-672 -592 -88
-624 -448 -184
-800 -568 -328
-712 -456 -232
-632 -464 -248
-672 -488 -312
-704 -528 -408
-752 -584 -440
-704 -544 -368
-728 -512 -344
-744 -560 -392
-760 -496 -360
-688 -528 -360
-648 -504 -320
-808 -600 -384
-768 -552 -320
-768 -552 -192
-872 -640 -320
-824 -608 -256
-800 -592 -344
-848 -600 -424
-848 -600 -376
-824 -592 -208
-816 -576 -240
-832 -584 -240
-824 -568 -304
-848 -512 -384
-784 -512 -448
