72
-120 368 -968
-40 376 -1008
-16 288 -1024
40 256 -1120
112 256 -1224
152 248 -1448
168 264 -1344
160 224 -1344
168 224 -1448
240 216 -1480
248 240 -1496
264 280 -1392
320 320 -1288
376 352 -1160
392 432 -1048
360 528 -992
368 624 -880
400 720 -728
432 856 -632
376 896 -560
280 928 -464
232 944 -400
176 944 -352
120 992 -176
16 1096 32
-136 1160 112
-240 1120 -32
-264 1080 -320
-264 1080 -280
-344 1072 -40
-480 1072 -72
-528 1128 -128
-504 1192 -272
-472 1136 -488
-456 1056 -552
-472 992 -512
-472 976 -416
-432 960 -440
-424 912 -680
-424 872 -744
-408 792 -720
-376 712 -704
-360 680 -744
-360 672 -760
-384 640 -784
-360 584 -928
-336 536 -936
-344 520 -848
-368 608 -664
-344 688 -720
-320 648 -776
-256 640 -720
-272 632 -640
-264 640 -648
-360 528 -648
-376 592 -704
-352 704 -720
-320 736 -784
-304 592 -864
-256 544 -768
-280 672 -704
-320 704 -736
-288 712 -768
-256 584 -896
-192 584 -792
-280 672 -808
-320 656 -712
-368 680 -776
-392 584 -752
-344 552 -824
-320 552 -832
-352 504 -744
