120
-104 376 -800
-88 328 -856
-192 288 -1072
-304 208 -1112
-344 184 -944
-272 224 -912
-256 240 -968
-216 280 -1000
-240 336 -960
-280 376 -872
144 344 -744
-104 328 -864
-312 280 -648
-448 328 -1016
-280 296 -928
-176 336 -880
-192 400 -816
-168 416 -848
-144 368 -888
-184 368 -896
-160 360 -944
-128 328 -1072
-56 296 -1128
-40 304 -1096
-24 304 -1104
24 320 -1272
80 280 -1432
104 208 -1392
120 128 -1336
144 120 -1288
184 152 -1432
256 152 -1584
312 168 -1368
320 152 -1192
336 184 -1224
392 216 -1304
432 248 -1216
408 336 -1080
352 424 -968
336 472 -832
352 536 -824
368 608 -816
360 640 -720
312 648 -608
208 712 -416
144 760 -296
16 856 -320
-80 912 -360
-152 920 -432
-184 936 -592
-176 944 -512
-216 928 -304
-272 976 -248
-320 1024 -392
-336 1040 -584
-352 984 -608
-392 912 -552
-456 848 -544
-472 832 -712
-480 800 -840
-488 752 -800
-472 712 -768
-416 688 -800
-392 664 -912
-376 632 -944
-360 584 -904
-376 232 -936
-536 416 -616
-472 472 -880
-424 536 -848
-408 504 -752
-360 440 -728
-416 560 -840
-336 488 -936
-336 456 -928
-264 416 -856
-264 520 -840
-328 488 -840
-336 440 -928
-328 392 -936
-336 368 -920
-248 376 -888
-240 392 -840
-264 344 -936
-288 408 -928
-328 472 -920
-376 424 -912
-312 352 -808
-232 352 -760
-224 472 -936
-304 488 -936
-296 424 -968
-224 384 -968
-248 344 -920
-304 376 -968
-344 488 -944
-344 432 -816
-368 288 -824
-280 -40 -904
-240 384 -896
-344 280 -1024
-312 288 -960
-256 280 -824
-248 232 -784
-336 272 -928
-384 352 -1008
-376 336 -992
-296 -152 -1000
-304 136 -712
-376 224 -888
-336 248 -960
-176 248 -896
-200 264 -880
-328 240 -864
-368 256 -840
-336 296 -936
-272 312 -976
-240 296 -928
-272 336 -856
-272 208 -896
