96
-144 640 -768
-160 616 -712
-136 648 -760
-64 600 -920
-80 560 -904
-216 520 -784
-208 512 -808
-88 488 -904
-56 464 -856
-120 472 -960
-176 560 -920
-104 512 -928
-64 464 -856
-352 480 -664
-184 752 -1008
-8 720 -912
-16 520 -824
-136 504 -896
-136 504 -944
-96 512 -960
-104 512 -1024
-72 472 -1088
-24 432 -1208
8 440 -1376
96 432 -1512
160 384 -1504
200 352 -1400
272 344 -1400
304 376 -1608
368 368 -1616
408 312 -1304
432 272 -1104
408 248 -1032
368 336 -928
376 416 -800
360 456 -664
360 536 -464
336 592 -336
328 648 -304
344 696 -208
368 792 -96
376 776 -48
376 760 40
352 704 112
312 712 272
168 776 384
-88 904 328
-232 1048 240
-400 1136 32
-688 1256 -208
-832 1520 -312
-744 1688 -80
-616 1752 -56
-504 1824 -424
-480 1784 -536
-464 1680 -464
-424 1568 -352
-392 1432 -504
-400 1296 -680
-376 1200 -592
-384 1088 -504
-376 992 -536
-360 952 -688
-320 840 -752
-304 744 -680
-288 720 -584
-272 728 -496
-264 760 -592
-296 696 -784
-272 616 -736
-256 648 -704
-320 592 -472
-360 528 -456
-200 720 -680
-304 680 -664
-208 552 -520
-184 672 -504
-136 696 -600
-208 720 -616
-240 720 -632
-304 752 -664
-424 744 -720
-432 776 -664
-312 712 -720
-248 640 -632
-272 688 -728
-240 736 -704
-264 776 -552
-312 792 -552
-336 744 -672
-200 680 -880
-160 640 -736
-248 672 -608
-296 656 -640
-280 704 -648
-296 776 -664
