96
-136 600 -816
-64 616 -832
-32 632 -752
-56 600 -760
-104 632 -808
-144 608 -808
-64 624 -752
-72 632 -816
-64 648 -816
-88 616 -744
-88 584 -808
-32 576 -824
-104 632 -832
-40 576 -1192
56 608 -784
-112 688 -752
-264 600 -896
-376 360 -1016
344 216 -1144
312 456 -912
176 416 -1064
248 368 -1280
280 384 -1384
296 288 -1456
376 192 -1528
448 192 -1536
496 216 -1640
504 304 -1536
576 360 -1432
616 416 -1272
664 512 -1200
672 600 -1032
656 712 -856
640 792 -672
624 864 -464
592 1000 -272
536 1096 -184
504 1144 8
472 1112 72
440 1080 96
328 1056 112
264 1048 160
232 1064 400
176 1120 656
80 1160 696
-16 1128 616
-72 1112 600
-176 1120 696
-280 1144 608
-360 1184 488
-384 1200 384
-392 1240 304
-424 1256 272
-456 1248 256
-448 1208 80
-456 1176 -80
-448 1168 -160
-464 1152 -32
-432 1104 -136
-440 984 -408
-456 960 -368
-472 952 -240
-464 904 -200
-432 840 -520
-440 776 -568
-480 792 -424
-488 808 -336
-464 864 -400
-440 864 -504
-544 752 -440
-288 880 -544
-304 1080 -376
-288 920 -424
-296 816 -416
-360 808 -392
-408 712 -480
-456 704 -504
-336 776 -512
-368 744 -456
-304 632 -528
-440 688 -552
-328 752 -568
-280 784 -448
-176 792 -472
-160 872 -560
-408 896 -616
-456 832 -584
-288 704 -560
-232 688 -488
-312 672 -544
-384 792 -528
-440 816 -584
-408 760 -584
-280 800 -560
56 784 -752
-168 704 -520
