84
-152 600 -792
-152 560 -728
-160 488 -800
-160 464 -888
-128 416 -992
-112 352 -1032
-80 360 -1064
-56 384 -1112
-16 424 -1264
48 480 -1312
112 496 -1392
136 528 -1392
200 560 -1464
240 560 -1520
320 536 -1408
368 512 -1240
416 552 -1112
408 600 -1072
472 632 -1008
520 648 -832
520 664 -752
512 712 -648
512 744 -504
528 776 -352
512 832 -256
448 864 -128
384 856 -144
336 848 -88
280 920 56
160 992 248
-48 1048 192
-232 1048 152
-296 1024 296
-240 1032 608
-224 1272 904
-264 1432 552
-224 1416 208
-168 1344 120
-192 1352 -72
-272 1352 -128
-288 1296 -88
-296 1240 -56
-344 1208 -232
-424 1216 -480
-424 1168 -464
-360 1072 -392
-304 928 -544
-304 840 -808
-344 792 -760
-344 760 -520
-304 744 -416
-256 784 -560
-344 872 -656
-352 832 -712
-264 792 -728
-360 624 -400
-536 488 -672
-448 584 -520
-288 640 -456
-224 768 -528
-296 728 -712
-392 688 -712
-320 672 -576
-176 840 -456
-192 920 -544
-248 856 -696
-312 736 -728
-208 720 -688
-136 776 -672
-200 696 -696
-232 680 -608
-192 640 -512
-176 600 -576
-152 608 -760
-152 664 -768
-240 696 -792
-240 712 -768
-280 752 -624
-200 752 -624
-160 760 -728
-128 736 -704
-192 752 -648
-264 768 -672
-296 768 -688
