36
-440 720 -776
-416 656 -800
-560 304 -440
-584 352 -664
-480 488 -464
-368 576 -584
-360 600 -720
-232 568 -648
-256 632 -616
-320 600 -624
-328 624 -624
-312 680 -568
-360 696 -520
-336 616 -552
-264 664 -672
-360 720 -712
-368 664 -712
-344 584 -656
-336 488 -496
-320 600 -656
-320 744 -744
-360 736 -776
-352 672 -784
-304 672 -656
-232 712 -632
-240 680 -712
-312 680 -760
-304 688 -776
-288 616 -656
-280 648 -664
-304 720 -640
-328 720 -672
-384 696 -616
-336 704 -688
-344 680 -656
-336 656 -616
