72
-120 552 -840
-168 544 -816
-128 504 -800
-56 552 -792
40 568 -920
-104 680 -768
-288 616 -544
-312 664 -656
-80 296 -648
-8 712 -656
-112 664 -744
24 576 -744
16 632 -800
-8 656 -840
16 608 -856
32 576 -920
64 528 -1064
112 496 -1160
176 512 -1312
184 472 -1320
216 440 -1296
248 448 -1408
304 496 -1480
376 512 -1440
-336 1224 -136
-368 1184 -360
-384 1128 -304
-368 1112 -232
-352 1104 -208
-352 1120 -440
-408 1024 -560
-368 976 -544
-304 928 -552
-280 888 -600
-264 888 -720
-280 776 -720
-240 632 -688
-248 560 -688
-376 888 -752
-280 816 -584
-304 656 -448
-480 688 -536
120 536 -552
-424 744 -784
-336 752 -744
-224 664 -704
-240 720 -704
-240 936 -624
-216 848 -784
-216 768 -760
-264 592 -856
-344 824 -728
-296 688 -624
-216 576 -544
-176 568 -616
-248 600 -768
-384 648 -768
-376 664 -664
-344 600 -680
-200 688 -576
-104 768 -624
-224 792 -792
-432 696 -688
-368 648 -640
-280 712 -680
-288 760 -672
-288 736 -744
-288 696 -720
-176 696 -672
-248 744 -592
-208 736 -584
-176 712 -656
