112
-24 -32 -1000
-32 -24 -1016
-32 -40 -1008
-40 -24 -992
-40 -40 -1008
-48 -32 -1016
-48 -24 -1000
-48 -8 -1056
-24 -16 -1016
-8 -40 -1000
-24 -40 -1040
-32 -24 -1016
-16 -16 -976
-48 -16 -992
-32 -8 -1016
-24 -40 -1032
-64 -24 -1072
-40 -64 -1008
-16 -160 -968
-8 -288 -1016
8 -328 -1032
40 -392 -1040
72 -456 -1032
88 -472 -1000
64 -432 -1000
64 -416 -1112
104 -400 -1280
120 -416 -1376
104 -352 -1456
112 -304 -1576
152 -272 -1744
184 -240 -1768
200 -168 -1800
224 -96 -1840
208 -32 -1784
160 -32 -1752
136 -56 -1688
88 8 -1664
56 112 -1568
40 136 -1512
48 176 -1456
72 304 -1400
64 456 -1192
64 552 -1064
40 592 -960
40 576 -808
8 568 -608
-32 568 -456
-56 552 -352
-72 480 -328
-56 392 -256
-80 296 -104
-112 216 16
-144 144 216
-192 48 304
-224 -40 272
-320 -80 328
-328 -168 312
-320 -240 272
-296 -264 216
-288 -304 144
-248 -344 112
-248 -384 56
-296 -376 -48
-296 -472 -248
-240 -536 -304
-240 -552 -376
-264 -568 -464
-256 -536 -592
-224 -520 -704
-200 -648 -880
-216 -648 -904
-168 -624 -1072
-128 -568 -1224
-64 -536 -1328
-8 -560 -1344
-64 -552 -1432
-48 -512 -1456
-16 -552 -1560
32 -480 -1512
0 -344 -1520
-8 -240 -1528
0 -200 -1504
0 -192 -1456
-24 200 -1144
-48 192 -1104
-48 152 -1072
-48 128 -1000
-40 128 -1008
-16 80 -992
0 64 -1040
-8 16 -1032
48 -152 -992
-128 -136 -920
8 80 -976
-32 0 -1080
0 -32 -968
8 -104 -1016
-72 -176 -1072
-48 -96 -1008
-56 104 -1008
24 -32 -1056
0 -64 -960
32 -104 -1056
64 -144 -1056
56 -152 -1008
96 -200 -1088
-96 -232 -800
-80 -272 -1000
40 -160 -1144
88 -216 -1136
-128 -168 -1008
