84
264 32 -952
296 72 -1024
368 112 -944
312 112 -856
280 104 -880
384 256 -816
312 280 -888
160 128 -968
136 16 -1128
328 0 -1008
328 32 -896
296 104 -952
280 152 -944
256 136 -952
192 -64 -1144
272 176 -904
464 224 -872
336 192 -832
336 152 -728
336 136 -760
336 136 -792
344 152 -800
352 160 -720
360 192 -672
384 192 -744
416 160 -784
424 120 -768
472 104 -720
504 96 -792
536 64 -816
584 64 -816
608 32 -848
664 8 -888
696 -16 -1064
744 -56 -1160
792 -96 -1280
856 -80 -1448
920 -120 -1712
1016 -56 -1848
1104 136 -1856
1216 288 -1816
1272 400 -1800
1144 1184 -888
1128 1168 -672
1080 1088 -584
992 1008 -480
888 928 -360
776 840 -256
672 744 -56
568 632 128
472 512 128
360 336 192
280 168 160
200 136 256
184 88 280
136 40 280
96 -48 240
72 -152 96
48 -256 128
40 -296 -16
8 -272 -48
0 -248 -48
-16 -216 -144
800 392 -1176
752 368 -1064
736 280 -1032
728 200 -976
704 120 -976
664 8 -608
976 -112 -1192
536 80 -784
704 72 -728
456 56 -832
560 56 -816
584 8 -792
336 0 -904
416 176 -864
544 200 -720
416 96 -704
528 88 -768
552 -88 -760
496 -48 -840
424 -40 -808
440 -8 -816
