91
216 192 -960
224 152 -952
208 144 -960
192 144 -952
184 136 -952
184 160 -968
192 168 -960
344 -264 -1440
416 -272 -1632
416 -208 -1728
464 -104 -1760
520 0 -1816
544 32 -1856
592 144 -1992
704 344 -1848
704 688 -1536
664 840 -1440
632 920 -1376
592 952 -1248
496 952 -1088
392 976 -872
272 912 -648
168 840 -440
72 728 -256
16 648 -144
-16 576 -88
-56 496 16
-80 400 120
-96 312 160
-88 256 160
-72 176 88
-80 104 56
-88 16 32
-128 -56 -16
-128 -104 -24
-144 -168 -88
-184 -160 -112
-152 -208 -376
-96 -256 -496
-56 -312 -648
32 -344 -960
104 -480 -1192
136 -624 -1208
184 -624 -1416
304 -496 -1768
408 -520 -2000
360 -648 -1656
344 -560 -1512
456 -288 -1840
560 -200 -1984
584 -144 -1744
552 -48 -1496
536 72 -1456
512 232 -1464
488 288 -1360
440 344 -1248
392 376 -1104
360 360 -1040
368 384 -1056
360 320 -1040
312 256 -968
296 224 -928
280 200 -936
256 168 -960
240 168 -928
240 136 -976
296 48 -752
-272 256 -1168
160 144 -952
104 96 -880
240 40 -984
264 96 -912
248 64 -896
208 56 -920
176 56 -952
184 104 -968
208 200 -976
120 152 -1000
72 48 -1008
152 56 -944
280 184 -912
320 -8 -912
304 0 -1000
264 72 -960
264 88 -968
216 0 -912
248 -16 -1016
224 -32 -984
208 -24 -976
248 0 -984
232 8 -1056
