112
-104 -40 -1072
-104 -40 -1072
-104 -8 -1024
-96 8 -1016
-96 -16 -1032
-96 -48 -1000
-96 -40 -1008
-136 -8 -952
-120 -8 -968
-112 -32 -952
-96 -64 -976
-96 -48 -904
-72 -88 -896
-72 -64 -968
-56 -88 -952
-32 -128 -976
-16 -168 -936
8 -216 -888
24 -272 -888
80 -296 -872
128 -344 -872
184 -376 -920
192 -448 -1040
152 -488 -1272
128 -480 -1456
152 -304 -1416
176 -128 -1488
232 -104 -1712
304 -136 -1816
320 -152 -2128
376 -8 -2080
392 120 -1856
392 200 -1760
384 272 -1864
288 360 -1864
232 424 -1760
152 472 -1632
56 552 -1576
32 608 -1480
0 656 -1352
48 688 -1168
88 720 -968
96 768 -808
104 784 -616
32 768 -592
32 704 -392
-8 608 -312
-24 536 -8
-48 424 192
-88 360 248
-120 288 256
-152 192 232
-136 136 336
-176 72 328
-168 -40 344
-160 -144 192
-160 -256 104
-192 -368 64
-184 -448 -24
-160 -488 -48
-152 -560 -136
-160 -648 -248
-144 -728 -320
-144 -760 -456
-128 -832 -672
-152 -856 -808
-152 -856 -864
-128 -856 -1040
-104 -752 -1168
-56 -584 -1200
-16 -552 -1256
-40 -544 -1296
-80 -504 -1416
-56 -408 -1440
-40 -256 -1240
-88 -296 -1512
-104 -184 -1480
-104 -128 -1496
-128 -56 -1440
-192 96 -1392
-184 200 -1488
-144 184 -1392
-136 160 -1328
-152 168 -1280
-144 168 -1248
-136 128 -1224
-104 120 -1232
-232 176 -1184
-136 184 -928
-96 152 -1104
40 104 -1096
-40 80 -1024
-64 48 -1048
-32 112 -1056
-64 32 -1080
-88 -104 -1064
-104 -120 -1080
-32 -120 -952
-328 -192 -976
-152 -160 -952
-160 -136 -968
-96 -112 -1000
-48 -136 -1080
-104 -184 -1080
40 -72 -960
72 -40 -872
-40 -192 -944
-72 -256 -1056
-112 -248 -1080
-8 -176 -1072
48 -104 -912
16 -48 -864
