84
328 80 -1024
272 32 -896
448 352 -976
432 312 -776
400 168 -816
432 144 -800
416 112 -792
400 16 -760
400 -72 -840
480 -280 -968
528 -384 -1008
552 -416 -1128
576 -368 -1344
600 -328 -1456
640 -248 -1536
704 -40 -1824
816 144 -1896
864 384 -1752
904 712 -1496
928 1032 -1392
920 1328 -1216
944 1600 -1096
976 1704 -912
904 1680 -728
752 1568 -360
544 1352 -40
352 1112 72
216 896 128
72 752 256
32 520 168
16 400 240
0 392 216
0 264 136
-24 64 120
-40 -64 80
-64 -120 88
-40 -192 -40
0 -184 -104
48 -184 -248
128 -192 -392
176 -224 -584
336 -216 -984
448 -240 -1168
496 -304 -1176
520 -360 -1200
592 -120 -1392
800 136 -1760
864 -48 -1736
792 -120 -1528
832 232 -1472
888 488 -1616
864 512 -1568
760 552 -1392
656 600 -1216
576 632 -1216
536 608 -1080
536 576 -1040
528 464 -1032
552 424 -936
584 328 -928
-200 -1696 -240
776 -888 -576
712 -264 -1144
864 -824 -624
632 -192 -768
728 192 -576
624 256 -920
640 24 -912
576 160 -696
616 128 -768
600 72 -776
664 128 -856
696 216 -664
648 176 -736
688 208 -768
760 176 -744
672 -40 -928
616 96 -800
648 48 -704
680 16 -832
696 8 -760
728 0 -736
680 144 -928
624 144 -720
