119
-56 16 -968
-48 0 -976
-48 16 -960
-48 32 -976
-48 32 -960
-32 24 -1000
-32 16 -1024
-40 0 -1008
-64 -16 -1032
-40 16 -1048
-56 8 -1056
-48 32 -1000
-56 48 -1080
-88 56 -1064
-64 80 -1064
-48 72 -1016
-40 80 -1016
-40 88 -1024
-40 96 -992
-40 80 -984
-56 120 -944
-48 136 -992
-40 136 -1032
-40 128 -1000
-40 152 -976
-56 168 -976
-80 184 -1008
-72 160 -1016
-80 200 -1016
-80 160 -1000
-80 120 -1016
-72 104 -992
-64 48 -1024
-72 16 -1024
-72 24 -1016
-56 16 -1008
-48 56 -984
-48 32 -1040
-40 8 -1040
-24 -24 -1032
-24 -80 -1016
0 -176 -1040
24 -280 -1016
8 -288 -1040
8 -312 -1096
24 -376 -1184
40 -416 -1208
88 -400 -1288
128 -344 -1384
176 -248 -1456
192 -184 -1464
216 -72 -1680
248 16 -1784
256 112 -1768
272 176 -1864
280 256 -1840
280 360 -1808
256 480 -1736
240 568 -1728
216 568 -1656
192 568 -1488
176 608 -1376
136 600 -1232
152 616 -1056
96 688 -928
64 712 -768
24 720 -608
-40 680 -440
-64 696 -352
-104 688 -176
-144 648 -8
-208 600 40
-256 512 64
-304 408 216
-368 328 360
-416 280 472
-448 200 480
-480 120 464
-512 24 440
-536 -48 416
-512 -152 416
-512 -184 384
-480 -232 344
-472 -360 240
-424 -456 96
-392 -480 32
-392 -480 -144
-352 -552 -296
-328 -656 -408
-328 -696 -448
-296 -664 -592
-232 -656 -768
-176 -696 -776
-184 -720 -832
-136 -704 -912
-56 -704 -1088
-16 -720 -1000
-72 -688 -984
8 -312 -1456
0 -256 -1464
-16 -152 -1504
16 -56 -1480
8 24 -1400
0 80 -1328
8 128 -1272
-192 160 -1080
-160 80 -1064
-192 32 -1096
-96 216 -992
-104 168 -1096
-56 56 -1032
-80 48 -1056
-56 104 -1024
-360 152 -1032
-208 56 -1056
-104 88 -1016
-64 48 -1024
16 32 -1008
-32 48 -944
