105
-8 -456 -936
-16 -464 -912
-16 -456 -928
-16 -464 -936
-16 -472 -928
-32 -464 -928
-32 -464 -928
-48 -424 -920
-32 -432 -888
-24 -440 -944
-24 -432 -920
-24 -424 -944
-16 -432 -944
16 -448 -896
704 -512 -912
680 -480 -920
600 -416 -872
504 -400 -912
472 -376 -952
352 -344 -1000
224 -360 -1064
104 -296 -1104
-32 -288 -1224
-120 -256 -1320
-200 -224 -1344
-312 -176 -1344
-416 -96 -1376
-440 8 -1464
-536 80 -1328
-608 128 -1208
-656 184 -1160
-736 296 -1048
-808 304 -872
-832 280 -656
-872 304 -496
-904 256 -392
-960 208 -320
-984 144 -304
-976 88 -328
-968 40 -328
-952 -32 -376
-912 -160 -368
-856 -264 -328
-840 -360 -264
-816 -448 -448
-800 -536 -448
-784 -576 -392
-792 -592 -376
-808 -552 -344
-856 -32 -480
-856 -56 -520
-888 -64 -528
-1000 -24 -664
-1064 -8 -848
-1272 -8 -568
-1336 56 -616
-584 176 -1080
-216 184 -1544
64 120 -984
584 -40 -712
1352 -192 -760
2040 -328 -1200
2176 -432 -1016
112 -496 -816
104 -448 -960
80 -296 -992
48 -280 -944
24 -264 -928
8 -176 -944
16 -152 -992
-16 -184 -992
-32 -200 -960
-24 -192 -1008
-32 -200 -1008
-24 -200 -1000
-40 -200 -960
-56 -216 -1000
-80 -56 -1240
-16 -88 -672
64 -280 -1424
48 -136 -760
-16 -176 -696
-8 -232 -784
8 -224 -800
-8 -144 -872
-80 -96 -976
-64 -128 -752
-64 -240 -960
-32 -160 -808
-56 -208 -832
-72 -328 -864
-56 -240 -848
-56 -352 -984
-40 -360 -992
-32 -368 -1080
-32 -320 -1104
-40 -296 -1176
-8 -360 -1224
-8 -384 -1152
-8 -352 -1104
24 -320 -1120
184 -184 -1112
128 -208 -992
-72 -312 -1000
-72 -368 -1040
