42
-216 -200 -960
-208 -216 -976
-200 -216 -984
-184 -224 -984
-152 -216 -992
-112 -248 -1024
-32 -248 -1112
-904 -40 -424
-1032 40 -312
-1224 120 -344
-1368 216 -448
-1480 288 -352
-1712 400 -184
-2048 544 8
168 -472 -912
152 -384 -984
160 -312 -984
128 -264 -1016
96 -248 -1016
128 -264 -1008
120 -312 -992
72 -328 -976
104 -352 -1008
72 -328 -1048
56 -304 -1016
32 -288 -952
-72 -392 -768
-64 -352 -944
-16 -312 -856
-16 -312 -952
-24 -360 -1008
8 -312 -992
24 -296 -976
-16 -344 -968
-40 -344 -992
-48 -312 -1032
-64 -288 -1016
-88 -328 -952
-8 -208 -960
24 -200 -976
0 -200 -960
-8 -200 -960
