112
-72 -328 -912
-72 -320 -936
-80 -312 -960
-72 -296 -960
-72 -320 -960
-72 -320 -960
-72 -336 -944
-64 -288 -968
-56 -320 -976
-88 -336 -976
-56 -328 -968
-72 -352 -936
-64 -360 -936
-88 -360 -984
328 -448 -1064
456 -448 -984
600 -464 -1024
672 -480 -1032
688 -472 -1008
728 -456 -1080
736 -496 -1152
696 -504 -1216
640 -320 -1288
528 -184 -1560
296 -192 -1440
-8 -184 -1272
-216 48 -1344
-424 240 -1400
-576 280 -1192
-672 368 -1056
-808 400 -1080
-904 480 -984
-944 512 -848
-976 656 -728
-1048 704 -408
-1080 592 -208
-1080 512 -160
-1056 424 -248
-984 336 -400
-968 216 -336
-904 112 -224
-832 8 -232
-800 -136 -320
-784 -192 -376
-776 -248 -472
-760 -344 -352
-768 -400 -328
-768 -400 -408
-784 -392 -536
-784 -264 -616
-784 -280 -608
-776 -216 -512
-760 -176 -464
-760 -144 -384
-800 -72 -256
-792 -56 -120
-824 -8 -192
-800 64 -440
-840 88 -576
-944 176 -680
-1080 184 -648
-1240 88 -744
-1424 40 -944
-1712 144 -944
-1976 200 -840
-2184 152 -824
-2280 72 -848
-2296 168 -880
-2008 184 -1104
-1472 144 -1000
-1008 264 -824
-488 264 -752
16 240 -904
552 296 -1120
1048 192 -1160
1632 -136 -800
2072 -280 -952
1768 -336 -1192
1240 -560 -856
816 -416 -416
512 -96 -408
256 -136 -456
112 -232 -600
24 -344 -864
-40 -320 -968
-48 -376 -1104
-48 -448 -1120
-56 -440 -968
-80 -392 -848
-96 -352 -904
-112 -328 -960
-120 -336 -984
-136 -248 -936
-80 -200 -880
-72 -256 -952
-80 -320 -928
-64 -280 -960
-40 -264 -912
168 -504 -704
-104 -512 -736
-72 -456 -744
-128 -368 -696
-16 -320 -808
8 -272 -800
16 -312 -768
-16 -256 -768
80 -296 -872
96 -288 -816
-48 -328 -792
0 -168 -808
24 -368 -1032
56 -480 -1048
