91
-128 -72 -992
-128 -80 -1000
-136 -80 -1000
-136 -80 -1008
-128 -56 -1016
-128 -64 -984
-128 -88 -984
-128 -80 -960
-144 -56 -1000
-136 -96 -1008
-128 -48 -984
-128 -64 -992
-144 -88 -976
-136 -96 -1016
568 -176 -1008
352 152 -1432
8 48 -976
-240 288 -1136
-336 624 -1512
-480 576 -1456
-672 704 -1272
-720 880 -1288
-816 832 -1200
-872 760 -984
-936 688 -760
-952 616 -736
-928 504 -744
-936 352 -512
-896 288 -440
-880 192 -512
-848 120 -464
-800 56 -408
-744 0 -464
-696 -88 -560
-672 -104 -560
-656 -88 -640
-648 -112 -752
-640 -104 -760
-616 -136 -848
-632 -184 -888
-600 -200 -872
-584 -240 -792
-576 -296 -784
-584 -288 -736
-632 -256 -680
-696 -168 -696
-744 -144 -744
-808 -104 -688
-928 -64 -672
-1056 0 -632
-1160 104 -640
-1232 152 -568
-1360 168 -504
-1544 312 -552
-1776 416 -464
-1904 480 -320
-2192 504 -264
-2512 640 -448
-2432 784 -696
-2096 808 -808
-1672 720 -720
-1200 584 -688
-640 560 -640
48 464 -760
888 344 -960
1600 240 -1136
2248 176 -1264
2440 128 -1184
1952 56 -1232
1320 -32 -1088
40 -336 -1064
64 -224 -1120
72 -128 -1080
48 -104 -1088
24 -64 -1168
32 -56 -1064
56 -80 -1024
-184 -112 -1264
-88 -56 -1008
-96 -80 -968
-72 -112 -1024
-88 -208 -928
-48 -104 -960
-24 -96 -960
-104 -136 -1032
-80 -208 -1080
-120 -184 -1104
-64 -208 -1024
-80 -192 -1040
-56 -168 -1056
168 -168 -720
