84
-64 -48 -1000
-56 -40 -1016
-64 -40 -1008
-64 -56 -976
-56 -40 -1040
-64 -48 -1008
-56 -64 -1024
-40 -64 -1016
-48 -56 -1024
-32 -80 -1064
-16 -80 -1048
-8 -88 -1032
48 -136 -1032
96 -160 -992
832 -96 -1272
888 -8 -1536
984 136 -1728
920 216 -1608
608 280 -1416
296 328 -1320
-24 424 -1352
-288 392 -1240
-592 400 -1016
-816 464 -912
-920 616 -952
-1112 648 -712
-1272 600 -400
-1312 600 -168
-1256 560 -152
-1264 392 -216
-1240 160 -160
-1136 64 -240
-1088 -16 -400
-1008 -96 -456
-912 -176 -592
-832 -208 -752
-760 -288 -808
-712 -296 -824
-648 -328 -808
-624 -328 -784
-616 -296 -776
-600 -304 -904
-608 -280 -880
-616 -272 -840
-632 -264 -912
-648 -216 -872
-680 -128 -816
-696 -152 -752
-704 -208 -664
-736 -256 -592
-760 -216 -608
-816 -128 -624
-888 0 -640
-976 40 -576
-1056 64 -424
-1176 56 -360
-1328 56 -464
-1584 16 -456
-1744 88 -544
-1736 80 -576
-1728 48 -600
-1616 120 -600
-1296 200 -752
1528 16 -1296
1240 0 -1184
928 -88 -1224
624 -272 -1040
368 -408 -880
248 -448 -936
176 -400 -904
0 -48 -968
-16 16 -960
8 -120 -1072
8 8 -952
-40 -48 -1080
-72 -24 -1056
-8 -152 -928
24 -16 -1032
-56 56 -992
-32 16 -1016
-64 -48 -1024
-112 -64 -1032
-120 -64 -1048
-80 -40 -1008
