112
8 -344 -952
16 -360 -1016
0 -352 -960
0 -344 -984
0 -344 -968
-8 -360 -992
-8 -368 -976
-8 -328 -944
0 -344 -912
-8 -352 -920
-8 -344 -952
8 -352 -952
-24 -320 -960
-16 -336 -960
-8 -328 -936
-16 -336 -992
-16 -344 -944
32 -368 -984
32 -384 -984
56 -384 -1064
184 -384 -1144
328 -408 -1184
504 -352 -1128
712 -344 -1096
864 -336 -1136
1032 -344 -1312
1176 -344 -1296
1112 -360 -1280
1024 -272 -1584
792 -296 -1448
440 -320 -1288
128 -168 -1552
-184 -112 -1488
-480 -56 -1408
-696 80 -1280
-792 312 -1288
-904 456 -1040
-912 736 -992
-976 896 -688
-1016 984 -464
-1040 960 -256
-1080 864 -64
-1096 640 8
-1064 448 -24
-1016 232 -184
-952 -8 -264
-880 -200 -320
-840 -360 -280
-840 -448 -280
-880 -456 -288
-864 -456 -336
-840 -464 -408
-808 -448 -576
-824 -448 -464
-800 -384 -480
-792 -392 -632
-784 -400 -632
-808 -392 -568
-784 -416 -528
-776 -456 -584
-752 -472 -608
-816 -392 -544
-832 -360 -488
-808 -320 -480
-832 -248 -448
-808 -248 -448
-792 -264 -568
-784 -264 -528
-800 -240 -432
-800 -224 -496
-800 -344 -624
-800 -336 -680
-800 -272 -608
-864 -264 -552
-920 -136 -488
-928 24 -480
-952 112 -456
-976 176 -336
-1016 280 -336
-1048 336 -352
-1056 344 -416
-1104 440 -664
-1240 544 -760
-1312 528 -928
-1432 368 -968
-1472 120 -992
-1568 -144 -904
-1856 -312 -896
-1968 -432 -1064
-1712 -384 -1064
-1272 -320 -864
1088 -144 -712
744 -40 -992
392 -128 -816
176 -208 -656
112 -328 -640
64 -480 -664
24 -640 -784
-40 -216 -960
-40 -224 -1032
-48 -264 -960
-48 -400 -832
-40 -336 -816
-80 -352 -944
-104 -352 -960
-56 -312 -1000
-32 -240 -912
-56 -160 -960
-88 -176 -1008
-64 -160 -1032
-64 -168 -1096
-80 -208 -1048
