119
-176 -256 -904
-160 -224 -984
-136 -224 -960
-112 -248 -976
-112 -272 -976
-128 -304 -960
-144 -312 -952
-136 -240 -1000
-136 -216 -944
-120 -232 -1032
-128 -192 -1040
-136 -224 -960
-152 -256 -976
-104 -256 -992
-136 -240 -992
-72 -256 -992
-8 -296 -976
8 -304 -976
56 -288 -1008
216 -320 -1184
392 -296 -1216
528 -248 -1104
552 -248 -1136
592 -232 -1400
624 -280 -1512
584 -264 -1408
400 -248 -1240
240 -128 -1176
136 -40 -1296
8 16 -1336
-144 24 -1288
-320 24 -1104
-528 32 -872
-632 144 -952
-736 216 -920
-832 200 -872
-824 200 -880
-904 136 -728
-904 104 -792
-904 96 -720
-928 64 -728
-920 -16 -544
-784 -368 -312
-768 -376 -400
-760 -408 -416
-760 -448 -416
-744 -504 -456
-744 -512 -632
-744 -512 -592
-760 -504 -472
-736 -472 -480
-744 -432 -432
-752 -408 -488
-728 -424 -352
-736 -352 -296
-784 -288 -200
-840 -232 -136
-912 -152 -32
-1032 -40 -176
-1112 64 -200
-1264 96 -160
-1416 104 -352
-1568 88 -680
-896 -200 -1344
-288 -96 -992
368 -376 -1016
936 -264 -496
1736 -344 -992
2016 -424 -1520
1752 -352 -1608
1272 -400 -840
1008 -248 -392
816 -64 -864
696 8 -896
520 -88 -600
312 -232 -544
176 -328 -608
88 -400 -720
48 -424 -792
16 -328 -656
-24 -272 -688
-32 -304 -752
-56 -320 -760
-56 -288 -848
-40 -240 -768
-56 -216 -872
-32 -272 -928
0 -296 -912
0 -280 -936
-24 -232 -904
-24 -192 -944
-8 -224 -1040
0 -288 -944
8 -264 -984
16 -200 -864
240 136 -1624
96 112 -624
464 -80 -1528
80 112 -672
64 1472 -2336
224 592 -552
136 224 -1096
56 -128 -720
56 -80 -704
112 -64 -728
144 -136 -608
72 -232 -1136
160 16 -864
192 96 -904
336 72 -1120
288 -48 -1040
336 0 -912
424 8 -992
408 8 -1064
424 48 -992
352 24 -1008
488 48 -1056
656 104 -1032
584 56 -1064
