63
80 208 -1008
80 200 -1008
64 192 -1008
64 184 -968
64 184 -984
64 168 -984
72 160 -984
584 320 -872
592 176 -888
600 80 -880
584 -16 -848
592 -56 -848
632 -224 -1016
616 -424 -1016
584 -544 -1024
544 -576 -1160
624 -776 -904
432 -896 -1008
416 -592 -1008
352 -496 -1000
232 -400 -992
144 -328 -1032
56 -176 -944
-80 -72 -888
-72 -16 -872
-120 32 -944
-104 80 -960
-72 80 -944
-40 96 -1096
-40 24 -1072
-40 -16 -1072
8 0 -1096
40 -24 -1104
96 -32 -1120
112 -32 -1072
96 -56 -1056
120 -96 -976
120 -104 -992
104 -120 -984
104 -352 -944
24 -512 -944
0 -312 -944
0 -184 -976
16 -136 -928
40 -104 -1016
32 -64 -984
16 -24 -984
0 -56 -1048
16 -32 -1088
96 -48 -1128
88 -32 -1016
80 -56 -1088
16 -72 -840
-32 24 -984
56 56 -1024
-56 128 -1064
-80 120 -1000
-88 128 -1016
-72 168 -1096
-72 168 -1096
-88 96 -952
-56 128 -1088
-48 104 -1080
