63
-104 -56 -1056
-56 -80 -1096
24 -88 -936
40 -56 -1040
64 -40 -1024
24 -16 -1032
136 -64 -984
24 -8 -1000
24 0 -976
24 -8 -1032
16 -8 -1016
16 -8 -1008
40 -16 -1056
40 -40 -1032
72 8 -1016
48 -16 -1016
24 -8 -1040
0 -24 -1016
16 -32 -1024
32 -32 -1056
40 -24 -1016
16 24 -1000
-16 24 -1008
-8 56 -1024
-8 56 -1024
-48 64 -1016
-48 96 -1032
-56 160 -984
-72 200 -1016
-96 200 -960
-104 248 -920
-80 288 -976
-80 352 -936
-72 344 -920
-56 368 -944
-48 392 -936
-40 432 -944
-24 448 -984
16 440 -984
48 408 -992
104 376 -992
128 344 -1008
176 352 -1024
200 312 -1016
232 240 -1000
288 200 -968
360 200 -1000
424 168 -1040
432 120 -1024
512 -256 -952
552 -264 -800
336 -248 -824
344 -136 -832
376 -176 -888
344 -160 -872
328 -176 -848
336 -304 -936
360 -208 -856
312 -240 -1008
272 -232 -880
176 -192 -936
240 -144 -960
328 -104 -952
