63
392 440 -816
408 440 -824
416 448 -816
408 440 -824
408 440 -800
408 456 -824
392 448 -824
344 440 -824
360 432 -784
376 424 -792
384 424 -776
376 456 -792
376 432 -800
384 440 -784
384 448 -808
376 448 -792
344 464 -848
344 464 -840
328 472 -864
312 496 -840
296 464 -840
264 480 -864
264 504 -848
216 552 -896
192 624 -816
176 672 -784
152 752 -720
152 824 -720
160 808 -792
192 776 -784
216 704 -752
232 752 -664
304 824 -640
376 848 -592
424 832 -624
664 536 -648
712 456 -680
728 400 -712
720 320 -728
696 224 -744
696 176 -768
680 152 -752
664 128 -728
1872 -1616 1000
1424 -400 -288
896 336 -632
832 552 -824
720 248 -792
472 384 -688
640 112 -632
528 -24 -960
944 -560 -592
464 -192 -808
416 40 -872
568 136 -848
552 128 -840
520 200 -768
480 88 -904
464 120 -888
496 160 -880
528 184 -864
544 168 -856
528 88 -952
