49
96 224 -976
96 216 -968
104 240 -1016
96 248 -1008
96 232 -984
104 232 -968
104 224 -984
288 384 -776
344 368 -888
352 304 -864
392 208 -912
424 128 -920
432 64 -928
440 16 -1000
456 -72 -984
456 -88 -1016
504 -128 -1000
496 -144 -984
504 -168 -976
520 -136 -1008
520 -120 -984
520 -104 -1048
504 -136 -968
360 24 -1136
312 -80 -1152
352 56 -904
392 -24 -1056
352 -112 -920
392 -88 -928
344 -24 -1008
408 -32 -1048
336 -24 -968
200 -80 -920
112 -32 -936
112 -16 -936
160 -48 -1040
152 -96 -896
264 -104 -1040
336 104 -880
336 64 -992
280 48 -936
336 56 -928
288 8 -1000
504 88 -1000
432 136 -1024
328 56 -856
288 40 -944
304 0 -1016
296 16 -1000
