49
-336 432 -1040
-376 448 -1040
-408 448 -1040
-416 504 -1008
-376 560 -1016
-352 560 -1040
-312 584 -992
-272 648 -1064
-168 656 -1080
-104 632 -992
-40 600 -952
48 560 -960
72 512 -952
80 456 -888
120 384 -832
136 320 -808
144 256 -752
168 200 -768
216 136 -752
256 120 -728
336 80 -776
368 24 -784
424 -40 -856
488 -88 -896
544 -120 -928
576 -168 -992
632 -288 -848
592 -160 -648
448 48 -1080
488 16 -840
456 -56 -896
424 -120 -888
432 8 -912
384 -120 -872
320 -168 -904
360 -144 -848
344 -152 -896
344 16 -864
408 -88 -984
408 -80 -904
288 -184 -968
280 -168 -936
376 -48 -984
416 -24 -928
504 48 -1008
360 56 -976
296 -16 -976
296 -32 -1096
304 -144 -1040
