70
72 168 -960
48 184 -984
64 200 -1000
88 200 -1048
80 184 -992
40 160 -1032
104 240 -1120
176 152 -944
136 192 -976
136 224 -976
72 240 -960
64 232 -968
32 392 -1200
72 296 -968
96 216 -952
72 208 -984
104 240 -1024
72 232 -1016
96 256 -1008
104 272 -1008
96 272 -992
88 272 -1008
112 288 -1016
88 176 -880
32 128 -1000
16 312 -968
96 296 -944
72 264 -968
80 264 -984
64 264 -968
72 288 -976
72 288 -976
72 288 -896
72 272 -952
80 280 -968
208 480 -920
248 432 -912
256 384 -888
296 304 -832
344 280 -904
376 224 -896
376 168 -880
328 -48 -1008
328 -64 -1024
400 16 -976
264 232 -1104
208 128 -992
200 88 -1032
168 56 -984
136 56 -1032
216 32 -976
176 24 -944
184 40 -1024
168 56 -992
152 72 -1008
232 80 -1040
184 64 -1064
176 88 -1032
176 80 -1008
64 24 -1008
384 96 -1008
264 104 -888
200 112 -944
176 80 -992
152 64 -984
48 88 -904
48 136 -880
88 72 -992
120 -8 -1144
144 -16 -1056
