70
440 256 -816
256 240 -960
376 184 -984
576 128 -936
464 176 -952
400 256 -896
392 296 -864
488 248 -848
448 272 -848
480 280 -904
448 320 -872
520 272 -912
520 240 -952
528 264 -1112
488 584 -824
432 712 -760
472 904 -600
360 1112 -496
216 1016 -328
72 872 -280
-96 848 -120
-232 1072 -56
-368 1160 152
-480 976 256
-632 592 -32
-752 248 -360
-736 232 -288
-672 496 -352
-720 200 -424
-816 368 -568
-816 328 -616
-800 184 -520
-808 112 -320
-784 336 -120
-712 592 24
-632 688 152
-544 528 -48
-464 336 -176
-488 440 -136
-608 600 -88
-608 424 -552
-808 312 -912
-1016 424 -784
-1144 480 -832
-1208 344 -984
-1176 216 -928
-1112 288 -976
-1048 352 -784
-912 408 -712
-584 272 -424
-696 336 -720
-928 480 -960
-1112 536 -1048
-1160 440 -1000
-1104 312 -904
-1048 208 -904
-400 344 960
-544 456 984
-1072 360 1136
-960 384 952
-736 384 856
624 -136 1064
-176 168 920
-408 576 704
-408 552 648
-320 544 720
-304 584 728
-296 552 760
-272 520 768
-272 560 752
