49
-16 -160 -1024
-56 -128 -968
-56 -104 -984
-72 -112 -1032
-48 -112 -1072
16 -176 -1040
-32 -128 -1016
-40 -120 -984
-40 -120 -992
-40 -128 -1000
-40 -136 -992
-40 -128 -1016
-24 -120 -1000
-32 -128 -1000
-32 -120 -984
-40 -112 -992
-32 -120 -1016
-32 -120 -1000
-40 -120 -1048
-40 -112 -992
-24 -136 -1024
152 -592 -376
168 -416 936
-80 -56 1112
-240 280 1592
-272 232 1560
-304 200 1256
-40 312 728
-88 176 904
-232 64 1416
-240 80 1392
-192 160 992
-128 248 784
-152 328 864
-192 344 1016
-248 384 1088
-328 496 976
-328 576 1024
-688 1168 1136
-376 720 1016
-208 464 960
-160 440 928
-168 272 880
-168 240 920
-224 248 904
-200 280 928
-176 288 936
-160 304 936
-144 288 960
