56
48 184 -984
32 176 -1024
32 176 -1000
40 176 -992
40 168 -984
32 168 -1000
32 168 -992
32 176 -1000
32 184 -1016
24 184 -984
32 160 -976
56 168 -1008
48 168 -1008
48 184 -1000
40 232 -1120
40 240 -976
24 320 -816
-40 384 -360
-56 560 464
-144 816 80
40 688 328
-40 968 800
32 904 696
88 960 560
80 1056 448
56 1088 368
-8 1048 296
-72 984 312
-112 952 288
-120 952 240
-136 904 216
-136 936 304
-136 912 288
-96 912 384
-96 880 384
-96 864 456
-64 928 376
-64 1000 360
-64 1000 448
-112 1000 448
-104 968 408
-96 944 368
-160 872 488
-152 848 472
-120 728 416
-104 832 448
-80 920 408
-160 912 456
-136 872 464
-176 832 448
-136 824 416
-120 760 472
-200 824 544
-256 832 576
-200 840 568
-184 824 528
