56
-16 208 -976
-8 208 -976
-8 200 -1008
-8 192 -992
-8 208 -992
-8 208 -992
0 200 -1000
0 192 -976
-8 192 -1016
-16 200 -1000
-8 184 -992
-8 200 -984
-16 192 -984
-16 200 -968
0 208 -1016
-8 192 -968
0 184 -1056
-8 208 -992
8 184 -976
8 192 -1000
-8 200 -960
16 120 -1080
-40 120 -960
-32 152 -864
-16 352 -888
-40 400 -632
-16 488 312
-160 1184 320
-40 944 136
-24 1016 336
-48 1120 192
-32 976 -24
-88 1008 -96
-120 944 -128
-112 904 -144
-72 952 -120
-16 1008 -128
0 1040 -144
16 1072 -56
-168 984 -200
-40 1224 -40
0 1160 -16
-56 872 -56
-72 1144 -40
-24 936 -72
32 992 -56
88 1016 -104
112 1040 -40
-40 1024 -144
-48 960 -32
48 1000 -32
-24 1016 -40
-64 1024 -40
-64 1040 -104
-40 952 -168
24 904 -224
