51
-152 -728 -736
-144 -696 -752
-144 -672 -760
-136 -712 -768
-120 -736 -752
-128 -616 -904
-144 -496 -832
-152 -560 -840
-144 -632 -864
-144 -712 -800
-144 -648 -896
-152 -488 -952
-160 -344 -896
-192 -224 -936
-184 -184 -920
-200 -152 -872
-200 0 -960
-288 904 -208
-296 960 -112
-288 976 -136
-272 968 -144
-280 960 -72
-288 984 -32
-288 1000 -32
-288 1000 -88
-288 976 -72
-280 960 -56
-288 968 24
-288 992 48
-280 1032 72
-288 1040 88
-256 944 -48
-280 976 -8
-280 968 -16
-280 1032 -152
-280 952 -240
-272 936 -168
-264 960 -152
-280 992 -48
-288 1040 -136
-288 992 -256
-280 944 -288
-304 968 -224
-304 1048 -96
-304 1208 -200
-288 1208 -208
-272 1024 -432
-256 832 -512
-256 704 -608
-240 592 -768
-232 440 -824
