68
-304 880 256
-296 896 248
-296 920 264
-288 944 304
-296 976 264
-312 944 216
-304 928 240
-312 936 176
-312 952 240
-304 952 208
-288 944 216
-296 944 208
-304 944 176
-312 952 192
-296 952 264
-304 928 216
-304 944 208
-304 952 208
-304 968 208
-312 952 192
-304 928 192
-312 952 224
-296 952 192
-304 960 224
-320 944 200
-312 936 200
-304 936 200
-304 944 232
-304 968 208
-296 944 328
-312 952 184
-312 960 256
-312 960 224
-304 936 240
-312 944 232
-312 944 208
-280 936 248
-296 952 224
-312 952 240
-304 952 216
-304 944 192
-296 944 224
-272 944 272
-280 968 224
-288 960 216
-288 960 200
-296 960 224
-288 960 216
-288 952 232
-296 968 232
-296 952 216
-288 952 216
-288 952 208
-296 960 248
-296 960 208
-296 936 208
-296 968 224
-320 968 176
-312 984 200
-304 968 136
-312 984 168
-320 992 152
-312 1016 152
-328 1040 112
-344 1072 88
-336 1024 0
-328 1000 -96
-328 968 -104
