68
-384 840 -216
-368 864 -200
-360 936 -88
-384 968 -32
-392 952 -24
-368 928 -32
-360 904 0
-336 944 48
-344 952 80
-360 968 64
-352 1008 120
-320 1016 136
-344 1000 88
-336 960 40
-320 1000 80
-328 1008 120
-344 1024 136
-336 1032 160
-328 1032 80
-336 968 56
-352 968 88
-328 960 120
-320 976 112
-320 1000 80
-304 976 48
-312 944 64
-312 944 32
-320 960 96
-320 976 88
-312 976 72
-288 960 88
-288 984 32
-264 960 72
-272 960 72
-296 976 72
-296 1008 88
-304 984 48
-304 976 40
-304 960 32
-288 968 72
-288 976 96
-296 984 72
-304 976 56
-312 968 40
-336 960 48
-328 976 56
-312 976 56
-336 992 56
-304 992 72
-320 960 72
-296 952 64
-304 952 56
-312 976 72
-312 968 40
-336 952 64
-320 952 64
-304 960 104
-288 952 64
-288 960 56
-328 960 24
-320 976 64
-312 984 96
-304 976 104
-320 968 72
-304 1008 56
-312 1008 64
-312 1000 112
-320 984 128
