68
-88 944 -328
-112 952 -336
-104 984 -328
-128 984 -352
-112 960 -360
-128 944 -424
-128 960 -352
-120 960 -296
-144 976 -296
-128 992 -312
-152 976 -368
-136 984 -320
-128 1008 -312
-128 1000 -328
-112 984 -328
-112 968 -320
-88 960 -312
-96 952 -328
-96 960 -320
-104 944 -328
-112 928 -344
-128 904 -352
-120 896 -368
-104 896 -336
-120 912 -352
-144 944 -304
-136 960 -320
-128 968 -360
-120 944 -360
-120 936 -304
-120 952 -344
-144 984 -312
-144 944 -360
-128 904 -376
-112 864 -360
-176 880 -328
-160 920 -360
-120 880 -344
-112 864 -320
-96 880 -312
-112 944 -344
-80 960 -336
-80 960 -352
-88 968 -360
-88 984 -344
-96 1000 -336
-112 1000 -352
-120 960 -352
-96 936 -336
-128 944 -312
-152 968 -384
-136 976 -352
-120 936 -376
-128 936 -312
-112 984 -352
-104 1000 -296
-104 992 -328
-96 960 -352
-96 944 -352
-88 960 -320
-112 960 -296
-104 952 -344
-88 920 -344
-96 912 -384
-104 944 -368
-112 968 -344
-112 944 -352
-112 944 -352
