189
-8 40 -1016
0 40 -1016
0 24 -1000
0 0 -1016
0 24 -1016
0 32 -992
0 40 -1000
0 80 -1024
8 48 -984
-8 40 -1016
-16 48 -1016
-32 56 -1048
-40 40 -984
-32 24 -984
-24 40 -1008
-8 56 -1000
-8 16 -1016
0 24 -1016
32 48 -1048
16 48 -992
16 32 -1000
-8 32 -1016
-8 24 -992
-32 24 -1016
-24 40 -1008
-40 64 -1000
-32 56 -1016
-24 48 -1000
-32 40 -1000
0 24 -992
-8 32 -992
-16 40 -1032
-16 40 -984
24 48 -1000
8 40 -992
-8 56 -968
16 40 -1016
16 56 -1008
-24 16 -1128
16 32 -1024
16 48 -1040
8 48 -1008
0 48 -1000
-16 64 -1008
-24 72 -984
-24 48 -984
-32 48 -984
-64 56 -1016
-40 48 -1016
-40 56 -1008
-32 48 -1080
-8 56 -1008
0 56 -1008
0 48 -1016
-8 48 -1064
0 56 -1040
-8 40 -1000
8 24 -1048
0 48 -1008
-8 40 -1000
-8 8 -1064
-16 16 -1008
-16 40 -1000
0 48 -1024
-32 40 -1024
-32 48 -1016
-32 32 -976
-32 48 -984
-24 48 -1016
-8 64 -992
-48 40 -984
-24 16 -1008
-16 32 -992
-16 40 -1064
-16 48 -1016
16 48 -1040
8 24 -1040
8 40 -1008
-16 40 -1064
-24 32 -992
0 40 -992
0 40 -1000
8 48 -976
0 48 -1040
-16 40 -992
-16 16 -1056
-40 56 -984
-8 56 -1040
-16 64 -1024
-24 56 -992
-24 40 -1008
-48 64 -1016
-32 64 -1016
-48 48 -1024
-48 64 -1016
-32 72 -1016
-24 64 -992
-16 40 -1008
-24 40 -1024
-32 32 -1008
-24 32 -1016
-32 32 -1008
-16 40 -1048
-24 48 -1008
-24 72 -1032
-8 56 -1016
-8 64 -1016
-32 40 -1024
-16 80 -1016
-16 40 -1008
-24 64 -1024
-16 48 -1016
-16 56 -1016
0 48 -1032
-16 48 -1016
-24 72 -1032
-8 72 -1016
-24 48 -1008
-8 56 -1016
-8 48 -1008
-16 56 -1040
-16 32 -1008
-8 40 -968
0 40 -1000
-24 40 -1048
0 24 -992
-16 32 -1000
-8 64 -992
8 56 -1032
0 56 -1008
-16 40 -984
-8 48 -1008
8 32 -1008
0 40 -976
8 32 -1032
-24 40 -1016
-40 32 -1024
-32 32 -1040
-24 48 -1008
-16 56 -1064
0 48 -1008
8 40 -1008
-16 32 -1000
-16 40 -1024
-8 40 -968
0 40 -1008
0 40 -976
0 24 -992
24 24 -984
8 48 -984
8 56 -1080
-8 56 -1000
0 48 -1048
8 48 -992
8 48 -1040
24 56 -1008
8 48 -1024
0 40 -1000
-8 40 -1024
-8 16 -1000
-8 48 -984
0 40 -1008
16 24 -1016
0 56 -1008
0 64 -1024
-16 72 -1032
-24 80 -1016
-16 56 -1000
0 32 -976
-24 24 -1000
0 40 -1024
-8 40 -1016
-8 40 -1016
-24 32 -1016
-24 56 -1024
-16 48 -1008
-8 56 -1008
-8 56 -1016
-16 48 -1000
-16 40 -1024
-8 40 -1008
-16 40 -1016
80 -32 -1040
-24 -24 -1024
0 8 -968
-48 64 -1032
-72 96 -1008
-40 72 -1000
-24 40 -1016
