98
960 176 -472
928 128 -432
912 144 -392
896 152 -408
864 152 -400
840 160 -392
824 168 -376
832 176 -432
840 184 -368
840 176 -432
856 200 -432
872 208 -376
864 216 -376
880 216 -400
872 200 -392
880 176 -408
880 184 -416
880 208 -440
872 208 -424
880 208 -424
880 216 -400
880 208 -432
888 208 -416
880 208 -392
864 224 -416
848 216 -408
848 208 -424
856 200 -408
880 216 -368
880 216 -360
864 200 -392
872 216 -400
872 208 -416
872 208 -408
872 200 -408
880 216 -448
872 216 -408
888 232 -400
880 224 -416
864 232 -424
856 184 -416
880 192 -400
888 216 -376
896 232 -368
888 224 -384
880 216 -360
880 208 -384
840 208 -416
848 200 -376
856 224 -376
880 216 -464
872 248 -344
864 232 -384
872 192 -392
864 200 -400
848 216 -440
920 184 -408
904 200 -344
872 208 -360
856 192 -400
864 200 -416
840 208 -400
824 208 -352
824 240 -416
864 256 -440
888 256 -440
936 224 -440
952 224 -392
960 224 -416
936 208 -408
848 184 -424
512 296 -720
640 232 -224
776 312 -376
776 216 -432
824 232 -376
880 224 -344
904 176 -448
872 192 -440
904 232 -432
872 192 -456
864 184 -384
872 152 -448
872 160 -424
864 192 -432
856 208 -392
840 216 -448
864 200 -416
872 152 -440
864 160 -432
864 168 -432
864 176 -432
848 192 -432
896 200 -416
896 176 -440
872 192 -432
880 192 -416
808 192 -464
