60
-432 256 -592
-464 248 -640
-608 264 -640
-632 304 -704
-656 352 -760
-656 368 -680
-664 336 -664
-624 296 -688
-672 296 -696
-744 312 -760
-736 312 -712
-696 312 -664
-1064 184 -704
-1088 232 -776
-1104 232 -816
-1104 184 -600
-1088 104 -560
-1088 40 -488
-1088 64 -520
-1112 104 -568
-1104 120 -544
-1096 72 -448
-1016 40 -392
-936 64 -368
-848 120 -416
-752 184 -416
-648 232 -400
-560 272 -432
-512 256 -480
-432 288 -464
-248 320 -384
-72 368 -496
64 448 -576
200 512 -768
168 488 -592
120 448 -472
88 432 -520
120 504 -736
40 536 -736
-56 536 -768
-32 568 -896
-80 584 -912
-160 584 -872
-208 600 -872
-200 520 -944
-192 488 -944
-232 536 -792
-240 568 -824
-232 536 -968
-136 504 -960
-160 504 -912
-192 504 -848
-168 576 -824
-136 608 -808
-152 536 -888
-96 472 -904
-120 464 -864
-128 480 -824
-184 496 -920
-208 472 -928
