84
-1040 -32 -352
-992 -48 -344
-952 72 -248
-944 40 -232
-928 8 -192
-880 -280 -160
-1024 -248 -192
-944 -32 -328
-936 -56 -320
-984 -72 -280
-976 40 -168
-1000 72 -176
-1024 8 -272
-1128 -80 -296
-1208 -136 -256
-1296 -184 -200
-1296 -224 -248
-1312 -264 -320
-1328 -304 -256
-1408 -400 -136
-1488 -496 -72
-1456 -464 -96
-1384 -464 -128
-1304 -528 -96
-1208 -608 -104
-1024 -560 -144
-752 -464 -184
-536 -408 -200
-392 -256 -128
-160 -56 -56
224 80 -208
648 152 -328
928 280 -96
1200 752 -176
1008 1512 -240
248 1688 48
-8 1000 -440
72 944 -760
16 1040 -736
-88 976 -848
-192 1064 -672
-240 1168 -672
-248 1008 -488
-216 1040 -576
-208 1120 -552
-176 1024 -640
-192 912 -688
-176 880 -632
-184 880 -536
-224 912 -568
-184 896 -520
-160 840 -544
-160 768 -600
-184 856 -920
-152 928 -480
-160 952 -520
-216 968 -624
-120 536 -792
-240 696 -592
24 704 -408
-56 768 -576
-48 792 -624
-32 648 -568
-168 728 -592
-208 672 -648
-120 640 -704
-96 744 -592
-288 792 -544
-304 760 -576
-136 656 -584
-96 728 -592
-144 792 -672
-184 808 -664
-192 792 -632
-248 816 -680
-232 872 -624
-160 896 -648
-144 840 -648
-168 768 -648
-136 800 -608
-96 768 -648
-176 648 -712
-152 672 -576
-136 744 -528
