84
-944 -136 -320
-960 -168 -328
-904 -88 -296
-856 -80 -200
-920 -40 -200
-1136 104 -240
-1264 24 -184
-1096 -160 -160
-840 -432 -112
-1184 0 -168
-1040 16 -168
-904 -152 -344
-968 -184 -264
-984 -168 -224
-992 -192 -296
-984 -192 -224
-984 -120 -88
-952 -128 -48
-992 -184 40
-1024 -264 64
-1032 -320 48
-1056 -360 56
-1048 -520 176
-1032 -824 272
-1136 -768 296
-1080 -752 208
-1080 -952 304
-1184 -1264 456
-1256 -1648 592
-1088 -1520 264
-584 -856 -40
-56 -400 -224
808 -80 72
2392 -24 544
3032 1128 -1192
1704 2384 592
-144 1752 -440
-72 1344 -1280
240 1240 -1112
112 912 -824
-104 1008 -856
-272 1160 -544
-280 1192 -520
-168 1120 -632
-64 1024 -664
-56 1008 -760
-88 1016 -728
-72 968 -720
-96 928 -592
-120 912 -416
-160 920 -432
-144 816 -496
-64 584 -536
-144 800 -488
-8 632 -504
-208 920 -536
-480 1128 -456
-280 976 -528
-48 800 -632
-24 1144 -544
-136 984 -496
-168 840 -584
-144 744 -544
-160 888 -504
-144 904 -640
-160 736 -720
-80 784 -584
-32 728 -536
-16 808 -576
-48 832 -648
-144 832 -640
-80 712 -616
-88 712 -576
-48 832 -608
-40 848 -712
-32 728 -632
-16 664 -656
-16 712 -664
-16 824 -752
-40 768 -736
-64 696 -688
-64 672 -592
-32 720 -664
-16 744 -752
