120
-968 -192 -176
-992 -256 -176
-976 -240 -232
-944 -248 -208
-888 -224 -224
-880 -184 -128
-928 -168 -104
-1024 -120 -96
-1160 -160 -80
-1080 -248 -88
-1008 -992 80
-1056 -464 -136
-1144 -352 -168
-1056 -248 -8
-992 -288 -56
-1000 -312 -88
-1032 -296 -64
-1032 -368 -56
-1024 -384 8
-1024 -384 -64
-1080 -408 -112
-1112 -368 -56
-1200 -384 -56
-1224 -504 -32
-1200 -488 -48
-1216 -456 -32
-1208 -456 -48
-1224 -512 -24
-1168 -648 72
-1096 -592 -72
-1032 -408 -216
-952 -264 -256
-840 -304 -208
-648 -152 -176
-416 -8 -144
-168 64 -248
248 160 -208
824 408 -264
1288 704 -464
1168 1128 -440
680 1248 -72
248 1232 -176
-40 1272 -344
-88 1192 -624
-128 1016 -672
-160 952 -576
-224 1016 -536
-240 1160 -400
-216 1184 -312
-168 1112 -288
-152 1064 -416
-168 1048 -504
-152 1008 -512
-128 952 -504
-136 904 -544
-160 896 -568
-160 864 -648
-128 848 -632
-104 832 -584
-96 832 -536
-96 888 -544
-72 896 -624
-56 880 -688
-48 816 -680
-48 784 -640
-88 840 -640
576 328 -248
-56 712 -680
104 480 -728
-96 616 -624
-80 744 -544
-136 744 -560
-264 872 -584
80 864 -496
-176 648 -712
-232 856 -600
-224 792 -608
-176 728 -616
-96 720 -632
-88 728 -640
-96 776 -640
8 808 -712
-72 816 -728
-120 728 -744
-64 728 -720
-24 696 -696
8 696 -752
-56 672 -648
-144 816 -592
-120 728 -752
-80 744 -760
-24 816 -712
-64 840 -776
-184 784 -808
-200 768 -792
-24 736 -784
-32 632 -704
-168 592 -696
-104 328 -816
-72 368 -752
-304 496 -592
-264 400 -648
-240 464 -640
-152 424 -800
-152 608 -856
-80 648 -792
-160 560 -720
-120 544 -712
32 648 -744
-48 728 -784
-88 752 -872
-64 776 -856
-112 760 -768
-48 720 -808
-40 680 -776
-24 608 -824
0 608 -800
-56 640 -768
80 688 -712
136 568 -712
