120
-992 32 -248
-968 8 -392
-952 16 -480
-968 48 -416
-912 48 -312
-904 80 -304
-936 32 -400
-944 -16 -424
-960 -16 -392
-920 -24 -328
-920 8 -344
-944 32 -416
-984 64 -432
-1016 96 -376
-1000 88 -472
-736 64 -400
-848 88 -296
-1208 344 -168
-1088 88 -408
-912 -40 -400
-992 88 -312
-960 96 -336
-968 88 -344
-984 80 -424
-1000 80 -440
-1048 80 -376
-1112 72 -288
-1128 56 -320
-1144 24 -320
-1168 -16 -312
-1224 -56 -248
-1288 -136 -176
-1312 -200 -128
-1288 -192 32
-1248 -216 176
-1264 -360 240
-1296 -480 144
-1272 -520 64
-1176 -616 280
-1160 -824 552
-1192 -992 528
-1128 -952 224
-936 -824 -24
-728 -736 -72
-584 -632 -64
-480 -448 -24
-304 -208 48
-32 -96 -88
328 16 104
656 392 440
776 808 -16
728 960 -680
544 976 -600
192 936 -448
-16 928 -712
-96 1088 -736
-224 1208 -672
-216 1168 -744
-264 1128 -896
-320 1040 -920
-336 600 -728
-320 592 -752
-296 616 -696
-296 648 -680
-248 664 -792
-288 648 -760
-320 672 -720
-264 712 -736
-200 680 -704
-216 640 -784
-272 616 -792
-280 600 -768
-288 608 -744
-296 608 -736
-272 640 -680
-264 616 -728
-264 608 -760
-216 632 -816
-216 656 -760
-312 680 -768
-296 680 -768
-232 672 -712
-168 640 -776
-216 608 -776
-248 600 -768
-264 672 -640
-208 592 -680
-232 592 -760
-256 624 -840
-240 632 -728
-176 648 -712
-128 632 -736
-168 632 -736
-208 664 -768
-208 672 -808
-160 672 -760
-208 688 -768
-216 704 -808
-248 680 -792
-240 688 -848
-136 648 -904
-192 672 -744
-264 608 -712
-248 808 -648
-56 760 -904
-32 648 -848
-72 704 -768
-152 704 -696
-240 672 -728
-216 600 -752
-184 552 -760
-184 576 -744
-224 616 -704
-216 624 -696
-160 640 -776
-160 616 -816
-224 600 -728
-232 568 -832
-240 544 -816
-192 616 -776
