72
-456 376 -792
-456 360 -776
-464 376 -840
-464 344 -848
-496 368 -800
-504 360 -752
-480 368 -808
-496 336 -832
-536 328 -864
-568 336 -864
-496 424 -856
-472 424 -880
-360 232 -896
-536 168 -920
-736 256 -752
-552 328 -800
-408 328 -800
-392 312 -824
-464 320 -840
-536 256 -832
-544 272 -864
-424 256 -864
-392 256 -808
-456 336 -832
-384 152 -856
-488 224 -992
-584 256 -1040
-632 368 -992
-696 392 -1120
-824 424 -1184
-824 384 -1160
-984 336 -1144
-1040 288 -1016
-1072 232 -960
-1088 128 -880
-1056 128 -712
-1048 304 -784
-1032 184 -888
-1000 112 -904
-968 104 -752
-848 112 -504
-832 184 -384
-728 304 -368
-624 208 -368
-360 368 -408
-280 376 -384
-24 72 -608
56 56 -816
320 280 -448
528 296 -200
432 200 -400
328 264 -776
272 368 -872
8 632 -680
-96 432 -848
-136 424 -960
-136 384 -1008
-216 336 -1056
-264 368 -944
-272 416 -1000
-248 360 -1064
-280 320 -1040
-184 272 -976
-120 336 -880
-152 336 -960
-232 312 -1072
-192 272 -1016
-232 296 -904
-264 304 -784
-264 304 -896
-184 240 -1000
-160 256 -960
