84
-136 872 -472
-104 888 -464
-88 896 -480
-128 936 -472
-168 936 -536
-120 880 -504
-136 816 -488
-128 824 -592
-176 800 -608
-136 736 -568
-120 696 -608
-96 712 -592
-136 728 -592
-96 800 -608
-64 808 -536
-88 808 -528
-144 824 -624
-232 784 -592
-272 768 -592
-104 704 -480
-104 752 -504
-144 904 -560
-200 808 -560
-160 920 -528
-112 952 -440
-88 904 -424
-112 912 -488
-144 928 -488
-144 944 -424
-128 976 -352
-128 976 -376
-112 976 -360
-128 1000 -392
-136 1016 -456
-168 1024 -504
-184 968 -504
-232 1048 -288
-272 1208 -384
-160 1048 -576
-152 560 -400
-232 144 -320
-80 -480 -360
136 -1256 -1112
80 -1416 -1376
48 -1264 -768
40 -1048 -472
48 -976 -488
80 -808 -472
80 -680 -440
56 -624 -544
24 -624 -504
0 -616 -480
-16 -656 -440
-32 -728 -520
-48 -776 -512
8 -840 -384
16 -856 -400
8 -832 -352
-8 -888 -416
-8 -888 -456
32 -928 -528
-8 -920 -456
-16 -904 -464
-48 -904 -448
-48 -888 -552
-56 -928 -568
-48 -880 -480
0 -864 -464
-16 -872 -504
-16 -856 -584
-80 -904 -496
-32 -880 -368
64 -816 -424
-32 -808 -520
-232 -864 -544
-240 -920 -400
-40 -872 -464
-8 -864 -448
-120 -920 -504
-216 -944 -464
-144 -952 -432
-168 -944 -520
-240 -904 -512
-232 -864 -440
