72
-296 840 -520
-208 896 -576
-240 880 -568
-304 832 -640
-248 792 -608
-280 680 -616
-216 632 -656
-176 656 -624
-208 728 -648
-176 792 -656
-304 816 -520
-480 736 -592
-24 744 -472
-88 936 -488
-240 880 -472
-184 832 -480
-216 904 -512
-208 864 -600
-192 824 -536
-216 840 -576
-208 864 -528
-208 880 -544
-216 904 -544
-192 888 -584
-216 904 -504
-232 984 -608
-224 984 -680
-216 896 -664
-272 872 -536
-264 904 -632
-208 464 -632
-144 -160 -512
-88 -592 -368
-56 -808 -432
-40 -928 -464
-56 -1104 -672
-64 -1088 -720
-64 -912 -552
-136 -760 -456
-184 -776 -472
-224 -880 -544
-400 -936 -528
-272 -856 -376
-216 -816 -416
-192 -848 -520
32 -952 -592
-48 -952 -528
-88 -928 -432
-112 -872 -416
-144 -880 -464
-208 -928 -536
-144 -888 -544
-104 -840 -400
-128 -840 -344
-136 -888 -448
-112 -880 -528
-176 -896 -536
-168 -888 -464
-56 -912 -464
-88 -920 -480
-160 -896 -528
-184 -888 -440
-200 -880 -384
-176 -840 -304
-120 -896 -288
-168 -904 -400
-136 -896 -408
-144 -840 -440
-160 -920 -376
-184 -904 -456
-312 -952 -424
-320 -944 -408
