60
-376 832 -488
-336 872 -472
-280 872 -552
-312 824 -592
-280 824 -568
-280 800 -536
-112 816 -448
-152 880 -440
-304 904 -496
-352 864 -536
-456 840 -560
-360 744 -560
-400 752 -624
-288 784 -456
-224 968 -384
-328 896 -608
-320 872 -672
-280 840 -664
-232 856 -776
-232 848 -784
-320 768 -1048
-408 600 -720
-288 368 -656
-240 48 -688
-208 -376 -664
-200 -744 -768
-184 -752 -624
-160 -704 -680
-96 -840 -752
-240 -880 -768
-280 -800 -560
-248 -712 -568
-256 -816 -544
-232 -784 -456
-240 -736 -352
-216 -712 -304
-224 -792 -408
-264 -896 -376
-232 -936 -304
-248 -880 -272
-216 -856 -400
-288 -928 -456
-264 -984 -432
-240 -960 -448
-200 -952 -432
-192 -880 -392
-240 -968 -472
-288 -936 -448
-248 -896 -360
-208 -864 -392
-216 -912 -480
-264 -936 -440
-232 -872 -408
-256 -856 -416
-232 -904 -464
-256 -880 -480
-336 -880 -440
-360 -872 -376
-264 -840 -448
-296 -904 -488
