60
-184 912 -408
-144 888 -448
-160 768 -528
-112 744 -432
-152 704 -464
-152 760 -480
-152 808 -520
-104 744 -504
96 696 -816
40 872 -296
64 992 -288
-176 976 -656
-104 1056 -312
0 992 -384
-136 1008 -360
-160 992 -384
-144 992 -336
-160 984 -360
-176 1008 -432
-160 1008 -456
-168 992 -464
-176 1000 -368
-152 1024 -224
-184 1064 -352
-16 -880 -400
0 -904 -448
0 -944 -472
-8 -968 -416
24 -896 -224
-32 -888 -320
-24 -840 -392
-8 -928 -536
8 -936 -456
40 -944 -344
0 -880 -336
-80 -928 -432
-64 -968 -536
-40 -984 -448
-32 -992 -368
8 -888 -368
48 -864 -536
-40 -928 -504
-96 -944 -392
-96 -928 -344
-96 -872 -424
-16 -928 -504
-64 -944 -456
-104 -936 -456
-80 -840 -360
-96 -880 -472
-96 -928 -544
-104 -840 -512
-136 -888 -456
-192 -904 -424
-216 -904 -384
-224 -888 -424
-224 -960 -504
-184 -904 -472
-160 -896 -456
-192 -912 -416
