60
-288 872 -488
-312 936 -312
-352 968 -224
-432 1136 56
-296 1184 24
-152 576 32
-120 -256 64
-8 -1000 -352
112 -1440 -1112
56 -1192 -1232
-64 -952 -728
-232 -1040 -336
-296 -1088 -232
-272 -1064 -376
-192 -1000 -440
-152 -968 -400
-96 -920 -352
-80 -896 -432
-72 -880 -400
-72 -896 -400
-104 -960 -360
-112 -968 -432
-96 -992 -440
-56 -968 -392
-56 -960 -368
-64 -968 -272
-24 -968 -168
-32 -952 -320
-72 -1016 -344
-40 -952 -304
-40 -912 -288
0 -936 -328
-56 -936 -384
-80 -920 -400
-64 -904 -368
-104 -920 -352
-112 -904 -344
-64 -912 -408
-64 -936 -432
-80 -928 -440
-120 -920 -400
-112 -856 -344
-96 -888 -400
-64 -920 -448
-72 -952 -440
-104 -912 -400
-144 -912 -416
-128 -904 -424
-128 -968 -416
-64 -928 -368
-72 -904 -392
-144 -912 -376
-152 -896 -408
-192 -944 -408
-120 -872 -336
-120 -824 -344
-128 -904 -376
-200 -992 -400
-280 -992 -336
-192 -896 -312
