72
-208 776 -664
-112 808 -640
-80 792 -584
-176 768 -584
-280 776 -592
-304 712 -704
-176 680 -608
-80 688 -560
-152 752 -592
-192 776 -640
-344 752 -656
-448 584 -632
120 696 -504
-128 856 -560
-208 848 -504
-168 920 -544
-192 920 -720
-208 832 -816
-208 784 -776
-248 816 -496
-256 1096 -432
-80 1184 -336
64 440 -320
16 -120 -344
-56 -592 -320
-112 -1240 -512
-208 -1304 -584
-256 -1232 -744
-264 -1032 -808
-184 -816 -584
-160 -824 -384
-152 -928 -376
-136 -872 -448
-112 -840 -432
-72 -816 -368
-80 -800 -336
-96 -808 -456
-88 -896 -592
-64 -864 -504
-64 -816 -432
-40 -824 -328
-80 -936 -456
-96 -1000 -464
-80 -976 -296
-80 -968 -312
-72 -960 -408
-96 -1032 -488
-32 -1024 -376
-88 -936 -264
-80 -912 -312
-56 -952 -400
-48 -984 -528
-48 -968 -408
-64 -928 -296
-80 -880 -328
-64 -920 -424
-72 -952 -472
-112 -928 -392
-56 -856 -408
-120 -904 -464
-136 -968 -448
-168 -864 -424
-144 -840 -416
-80 -816 -376
-144 -832 -424
-136 -912 -448
-264 -960 -440
-240 -952 -384
-312 -904 -416
-288 -952 -464
-280 -984 -480
-224 -992 -432
