132
-104 856 -496
-96 856 -488
-104 856 -536
-152 808 -592
-216 800 -568
-232 760 -600
-200 760 -632
-112 712 -624
32 720 -520
-80 792 -528
-168 880 -568
-240 808 -632
-176 616 -624
-168 800 -600
-128 936 -536
-104 864 -576
-224 952 -568
-56 888 -576
-112 848 -552
-112 880 -512
-96 904 -528
-112 912 -488
-120 896 -576
-152 864 -640
-128 792 -640
-128 800 -608
-136 848 -528
-168 920 -624
-192 944 -616
-152 936 -496
-152 1008 -464
-56 728 -424
-64 216 -400
-88 -440 -320
-88 -1168 -520
-168 -1288 -760
-80 -1056 -744
-40 -976 -784
-56 -984 -1008
-64 -816 -720
-64 -664 -408
-80 -752 -304
-64 -776 -472
-104 -776 -448
-136 -728 -408
-120 -760 -504
-128 -784 -448
-144 -848 -384
-64 -896 -424
-120 -912 -496
-80 -936 -520
-104 -904 -472
-80 -928 -440
-120 -896 -456
-120 -968 -496
-88 -904 -408
-120 -888 -408
-152 -872 -512
-160 -912 -536
-160 -904 -520
-128 -912 -456
-176 -872 -448
-168 -872 -432
-88 -872 -520
-80 -848 -448
-104 -840 -384
-112 -864 -464
-176 -912 -520
-136 -912 -432
-160 -872 -416
-120 -848 -424
-72 -896 -496
-160 -880 -488
-176 -952 -448
-136 -944 -432
-144 -960 -456
-152 -936 -472
-80 -888 -464
-80 -856 -480
-88 -816 -440
-160 -840 -400
-104 -872 -496
-136 -904 -456
-184 -936 -408
-168 -912 -440
-240 -912 -424
-296 -936 -384
-192 -912 -432
-96 -928 -464
-40 -928 -560
-80 -888 -480
-192 -864 -456
-376 -920 -224
-232 -904 -408
-96 -920 -464
-96 -904 -472
-128 -872 -408
-136 -864 -440
-168 -864 -448
-144 -856 -496
-160 -872 -496
-168 -888 -512
-144 -872 -448
-136 -888 -496
-136 -888 -504
-192 -904 -456
-160 -880 -456
-128 -864 -456
-96 -912 -664
-104 -872 -616
-32 -848 -488
-56 -824 -416
-176 -856 -416
-256 -888 -544
-264 -872 -600
-272 -824 -592
-192 -808 -608
-136 -824 -528
-256 -816 -248
-320 -840 -240
-216 -800 -352
-232 -808 -440
-456 -896 -432
-496 -896 -192
-392 -864 -224
-352 -840 -296
-312 -816 -328
-496 -856 -216
-512 -808 -184
-448 -816 -224
-416 -848 -240
-464 -848 -256
