36
-240 720 -640
-240 664 -672
-208 688 -616
-112 720 -568
-128 752 -592
-232 776 -592
72 776 -496
-112 584 -696
-264 -216 -416
-328 672 -496
-192 856 -456
-104 752 -584
-216 880 -544
-216 896 -600
-200 800 -568
-176 832 -568
-176 888 -496
-192 936 -480
-184 944 -496
-184 896 -520
-240 856 -520
-216 880 -504
-232 880 -496
-240 872 -560
-224 872 -528
-224 832 -536
-240 832 -560
-248 872 -472
-264 976 -296
-280 1096 -304
-168 944 -480
-120 640 -488
-72 328 -376
-16 -280 -272
-56 -1064 -408
-104 -1408 -560
