72
-208 832 -352
-216 808 -384
-176 760 -368
-56 808 -288
-152 856 -344
-224 904 -328
-312 912 -376
-280 904 -392
-248 904 -368
-168 872 -256
-392 1136 -232
-256 1064 -248
-232 976 -312
-256 1016 -328
-232 1016 -336
-280 1024 -288
-272 1128 -216
-296 1280 -352
-272 1152 -504
-224 832 -552
-232 768 -376
-160 688 -112
-104 88 -104
-8 -896 -360
-120 -1344 -912
-224 -1088 -1144
-104 -736 -904
-216 -728 -664
-304 -864 -664
-360 -976 -488
-384 -968 -344
-328 -848 -344
-232 -784 -488
-160 -808 -536
424 -568 -352
112 -616 -432
32 -664 -464
-32 -752 -552
-88 -872 -584
-112 -912 -512
-160 -888 -384
-200 -904 -400
-224 -936 -440
-136 -960 -504
-72 -840 -368
-112 -824 -352
-120 -824 -392
-112 -904 -552
-152 -864 -568
-232 -872 -504
-152 -888 -464
-152 -896 -456
-200 -896 -480
-200 -864 -512
-160 -848 -544
-168 -864 -432
-152 -872 -416
-168 -888 -424
-144 -832 -456
-104 -840 -472
-192 -856 -408
-224 -872 -400
-248 -896 -392
-248 -872 -368
-256 -864 -368
-288 -888 -328
-296 -896 -408
-208 -856 -440
-280 -848 -456
-352 -888 -464
-352 -920 -456
-312 -936 -464
