60
-264 936 -488
-264 960 -368
-288 976 -440
-296 960 -456
-232 928 -496
-256 840 -496
-216 680 -568
-208 528 -448
-184 160 -376
-136 -528 -552
-96 -888 -800
-56 -968 -848
-64 -872 -672
-136 -928 -560
-200 -920 -528
-184 -880 -520
-168 -920 -488
-176 -952 -528
-160 -896 -440
-136 -896 -432
-136 -920 -448
-136 -904 -400
-128 -912 -424
-128 -936 -424
-128 -912 -416
-112 -880 -392
-112 -840 -416
-128 -936 -328
-72 -992 -416
-96 -960 -384
-72 -920 -360
-120 -928 -400
-120 -952 -456
-104 -904 -456
-64 -920 -456
-152 -920 -416
-176 -920 -376
-176 -944 -424
-112 -864 -400
-152 -936 -480
-272 -920 -376
-288 -920 -424
-184 -920 -416
-168 -976 -464
-176 -936 -456
-240 -896 -416
-248 -880 -400
-224 -904 -448
-136 -856 -456
-120 -840 -488
-192 -912 -440
-248 -992 -496
-224 -976 -488
-216 -912 -416
-136 -768 -312
-176 -792 -416
-144 -856 -472
-128 -888 -352
-224 -824 -304
-272 -880 -312
